{
 "cells": [
  {
   "cell_type": "markdown",
   "metadata": {},
   "source": [
    "### Виконав: Овчар Антон, КА-64\n",
    "# Лабораторна робота №6\n",
    "## Пошук власних чисел та векторів симетричних матриць\n",
    "### 0. Умова\n",
    "\n",
    "$ A = \\begin{pmatrix}\n",
    "6.92 & 1.08 & 0.99 & 1.15 \\\\\n",
    "1.08 & 3.50 & 1.30 & 0.16 \\\\\n",
    "0.99 & 1.30 & 6.10 & 2.10 \\\\\n",
    "1.15 & 0.16 & 2.10 & 5.44\n",
    "\\end{pmatrix}$\n",
    "\n",
    "Метод: **QR**"
   ]
  },
  {
   "cell_type": "code",
   "execution_count": 2,
   "metadata": {},
   "outputs": [],
   "source": [
    "import numpy as np"
   ]
  },
  {
   "cell_type": "code",
   "execution_count": 4,
   "metadata": {},
   "outputs": [],
   "source": [
    "A = np.matrix([[6.92, 1.08, 0.99, 1.15],\n",
    "               [1.08, 3.50, 1.30, 0.16],\n",
    "               [0.99, 1.30, 6.10, 2.10],\n",
    "               [1.15, 0.16, 2.10, 5.44]])\n",
    "EPS = 10**(-5)"
   ]
  },
  {
   "cell_type": "markdown",
   "metadata": {},
   "source": [
    "### 1. Розв'язати часткову проблему власних значень: знайти найбільше та найменше власні числа та відповідні їм власні вектори степеневим методом або методом скалярних добутків."
   ]
  },
  {
   "cell_type": "code",
   "execution_count": 5,
   "metadata": {},
   "outputs": [],
   "source": [
    "def get_max_eig(A):\n",
    "    x = np.random.rand(A.shape[1], 1)\n",
    "    n = 1\n",
    "    while True:\n",
    "        ksi = np.dot(A, x)\n",
    "        v = np.sign(np.float(ksi[0][0]/x[0][0])) * np.linalg.norm(ksi) / np.linalg.norm(x)\n",
    "        w = ksi / np.linalg.norm(ksi)\n",
    "        disc = np.dot(A, w) - np.dot(v, w)\n",
    "        if np.linalg.norm(disc) < EPS:\n",
    "            break\n",
    "        x = w\n",
    "        n += 1\n",
    "    return v, w, disc, n\n",
    "        \n",
    "            \n",
    "v, w, discrepancy, n = get_max_eig(A)"
   ]
  },
  {
   "cell_type": "code",
   "execution_count": 6,
   "metadata": {},
   "outputs": [
    {
     "name": "stdout",
     "output_type": "stream",
     "text": [
      "Максимальне власне число\n",
      " 9.378584012942195\n",
      "\n",
      "Відповідний власний вектор\n",
      " [[0.58161346]\n",
      " [0.25157177]\n",
      " [0.59332306]\n",
      " [0.49639215]]\n",
      "\n",
      "Вектор нев'язки\n",
      " [[-7.22308831e-06]\n",
      " [-5.30116864e-07]\n",
      " [ 4.63659207e-06]\n",
      " [ 3.18989057e-06]]\n",
      "\n",
      "Кількість ітерацій\n",
      " 22\n"
     ]
    }
   ],
   "source": [
    "print('Максимальне власне число\\n %s\\n' % v)\n",
    "print('Відповідний власний вектор\\n %s\\n' % w)\n",
    "print('Вектор нев\\'язки\\n %s\\n' % discrepancy)\n",
    "print('Кількість ітерацій\\n %s' % n)"
   ]
  },
  {
   "cell_type": "code",
   "execution_count": 7,
   "metadata": {},
   "outputs": [
    {
     "name": "stdout",
     "output_type": "stream",
     "text": [
      "Мінімальне власне число\n",
      " 2.568232641888657\n",
      "\n",
      "Відповідний власний вектор\n",
      " [[ 0.18902734]\n",
      " [-0.79070115]\n",
      " [ 0.45449558]\n",
      " [-0.36399743]]\n",
      "\n",
      "Вектор нев'язки\n",
      " [[-7.22308831e-06]\n",
      " [-5.30116864e-07]\n",
      " [ 4.63659207e-06]\n",
      " [ 3.18989057e-06]]\n",
      "\n",
      "Кількість ітерацій\n",
      " 22\n"
     ]
    }
   ],
   "source": [
    "def get_min_eig(A, v_max):\n",
    "    B = A - v_max * np.eye(A.shape[0])\n",
    "    v1, w1, disc, n = get_max_eig(B)\n",
    "    return v1 + v_max, w1, disc, n\n",
    "\n",
    "v1, w1, discrepancy1, n1 = get_min_eig(A, v)\n",
    "print('Мінімальне власне число\\n %s\\n' % v1)\n",
    "print('Відповідний власний вектор\\n %s\\n' % w1)\n",
    "print('Вектор нев\\'язки\\n %s\\n' % discrepancy)\n",
    "print('Кількість ітерацій\\n %s' % n)"
   ]
  },
  {
   "cell_type": "markdown",
   "metadata": {},
   "source": [
    "### 2. Розвязати повну проблему методом QR розкладу."
   ]
  },
  {
   "cell_type": "code",
   "execution_count": 31,
   "metadata": {},
   "outputs": [
    {
     "name": "stdout",
     "output_type": "stream",
     "text": [
      "Ітерація 1\n",
      "Похибка - 5.918000413853143\n",
      "Норма Фробініуса - 12.088391125373136\n",
      "Матриця Q\n",
      "[[-0.96563508  0.18335401  0.13400323 -0.12638562]\n",
      " [-0.15070605 -0.93392565  0.30227371  0.117052  ]\n",
      " [-0.13814722 -0.30473111 -0.8846943  -0.3246079 ]\n",
      " [-0.16047404  0.0360989  -0.32861791  0.93002969]]\n",
      "Матриця R\n",
      "[[-7.16626821 -1.7756243  -2.3315901  -2.29768124]\n",
      " [ 0.         -3.46109207 -2.81563499 -0.38212833]\n",
      " [ 0.          0.         -5.56111384 -3.44307198]\n",
      " [ 0.          0.          0.          4.25106977]]\n",
      "\n",
      "Ітерація 2\n",
      "Похибка - 3.898868224198815\n",
      "Норма Фробініуса - 12.088391125373136\n",
      "Матриця Q\n",
      "[[-0.97551886  0.16131812  0.13708722  0.05955256]\n",
      " [-0.12034244 -0.93354069  0.30506837 -0.1447507 ]\n",
      " [-0.16354069 -0.31209793 -0.90311511  0.24542294]\n",
      " [ 0.08446945 -0.07122591  0.26930183  0.95669656]]\n",
      "Матриця R\n",
      "[[-8.07613107 -1.68255256 -2.58506452  1.2094409 ]\n",
      " [ 0.         -4.14993948 -3.04203356 -0.09891558]\n",
      " [ 0.          0.         -5.18113936  2.27964549]\n",
      " [ 0.          0.          0.          3.37672609]]\n",
      "\n",
      "Ітерація 3\n",
      "Похибка - 2.6163475773484217\n",
      "Норма Фробініуса - 12.088391125373136\n",
      "Матриця Q\n",
      "[[-0.98585829  0.13875538  0.09143706 -0.02167128]\n",
      " [-0.11324596 -0.95423438  0.25342692  0.11129643]\n",
      " [-0.11912649 -0.25784978 -0.93903406 -0.19374573]\n",
      " [-0.03267514  0.06080448 -0.21360968  0.97447732]]\n",
      "Матриця R\n",
      "[[-8.72927157 -1.68704933 -1.85017454 -0.46784553]\n",
      " [ 0.         -4.8620587  -2.55331588  0.23103162]\n",
      " [ 0.          0.         -4.70089575 -1.57885637]\n",
      " [ 0.          0.          0.          2.93891758]]\n",
      "\n",
      "Ітерація 4\n",
      "Похибка - 1.745336286811012\n",
      "Норма Фробініуса - 12.088391125373132\n",
      "Матриця Q\n",
      "[[-0.99331981  0.1040933   0.04934166  0.00676384]\n",
      " [-0.09317034 -0.97513141  0.19039499 -0.06471294]\n",
      " [-0.06725718 -0.19223835 -0.96827718  0.14477637]\n",
      " [ 0.01056046 -0.03643805  0.15412481  0.98732279]]\n",
      "Матриця R\n",
      "[[-9.09331308 -1.40966507 -1.03770083  0.15120555]\n",
      " [ 0.         -5.31274475 -1.91526149 -0.16792301]\n",
      " [ 0.          0.         -4.45490277  1.07855083]\n",
      " [ 0.          0.          0.          2.72450058]]\n",
      "\n",
      "Ітерація 5\n",
      "Похибка - 1.1314306055701349\n",
      "Норма Фробініуса - 12.088391125373136\n",
      "Матриця Q\n",
      "[[-0.99717187  0.07118462  0.02402484 -0.00195658]\n",
      " [-0.06716328 -0.98729307  0.14029029  0.03255963]\n",
      " [-0.03358144 -0.1408733  -0.98449009 -0.09902662]\n",
      " [-0.00310662  0.01843544 -0.10257053  0.99455003]]\n",
      "Матриця R\n",
      "[[-9.26148933 -1.02049119 -0.51675697 -0.04448093]\n",
      " [ 0.         -5.55700272 -1.40792522  0.0904982 ]\n",
      " [ 0.          0.         -4.33129766 -0.70254724]\n",
      " [ 0.          0.          0.          2.63043006]]\n",
      "\n",
      "Ітерація 6\n",
      "Похибка - 0.7209457709010172\n",
      "Норма Фробініуса - 12.088391125373136\n",
      "Матриця Q\n",
      "[[-9.98859942e-01  4.64157709e-02  1.11396461e-02  5.47656537e-04]\n",
      " [-4.50307587e-02 -9.93558995e-01  1.02854178e-01 -1.52895980e-02]\n",
      " [-1.58202213e-02 -1.03013179e-01 -9.92481632e-01  6.41733271e-02]\n",
      " [ 8.75673888e-04 -8.62462795e-03  6.53998213e-02  9.97821483e-01]]\n",
      "Матриця R\n",
      "[[-9.33196673 -0.68521483 -0.24319399  0.01253797]\n",
      " [ 0.         -5.69220547 -1.03086999 -0.04332949]\n",
      " [ 0.          0.         -4.25815404  0.4437649 ]\n",
      " [ 0.          0.          0.          2.59233493]]\n",
      "\n",
      "Ітерація 7\n",
      "Похибка - 0.45735081408867995\n",
      "Норма Фробініуса - 12.088391125373132\n",
      "Матриця Q\n",
      "[[-9.99549609e-01  2.95819651e-02  5.04614243e-03 -1.51261991e-04]\n",
      " [-2.91225937e-02 -9.96749901e-01  7.47885337e-02  6.94146177e-03]\n",
      " [-7.23842604e-03 -7.48289473e-02 -9.96346662e-01 -4.05161958e-02]\n",
      " [-2.42518966e-04  3.89488380e-03 -4.09211431e-02  9.99154758e-01]]\n",
      "Матриця R\n",
      "[[-9.36025764e+00 -4.43421741e-01 -1.11227855e-01 -3.47240765e-03]\n",
      " [ 0.00000000e+00 -5.76794164e+00 -7.49150137e-01  1.97408901e-02]\n",
      " [ 0.00000000e+00  0.00000000e+00 -4.21369262e+00 -2.76429731e-01]\n",
      " [ 0.00000000e+00  0.00000000e+00  0.00000000e+00  2.57747652e+00]]\n",
      "\n",
      "Ітерація 8\n",
      "Похибка - 0.29077163869203815\n",
      "Норма Фробініуса - 12.088391125373132\n",
      "Матриця Q\n",
      "[[-9.99823490e-01  1.86514800e-02  2.26041331e-03  4.15597903e-05]\n",
      " [-1.85025731e-02 -9.98369019e-01  5.39199266e-02 -3.09820044e-03]\n",
      " [-3.26178491e-03 -5.39298402e-02 -9.98219388e-01  2.52781947e-02]\n",
      " [ 6.67014430e-05 -1.73123500e-03  2.54083860e-02  9.99675654e-01]]\n",
      "Матриця R\n",
      "[[-9.37141556e+00 -2.81802522e-01 -5.01140799e-02  9.55037062e-04]\n",
      " [ 0.00000000e+00 -5.80959152e+00 -5.39987906e-01 -8.80454546e-03]\n",
      " [ 0.00000000e+00  0.00000000e+00 -4.18778229e+00  1.71259530e-01]\n",
      " [ 0.00000000e+00  0.00000000e+00  0.00000000e+00  2.57176534e+00]]\n",
      "\n",
      "Ітерація 9\n",
      "Похибка - 0.1858328438695746\n",
      "Норма Фробініуса - 12.088391125373132\n",
      "Матриця Q\n",
      "[[-9.99931042e-01  1.17003121e-02  1.00709042e-03 -1.13954245e-05]\n",
      " [-1.16526907e-02 -9.99184767e-01  3.86281937e-02  1.37088623e-03]\n",
      " [-1.45812511e-03 -3.86305693e-02 -9.99129355e-01 -1.56870777e-02]\n",
      " [-1.82961159e-05  7.63995955e-04 -1.57283134e-02  9.99876010e-01]]\n",
      "Матриця R\n",
      "[[-9.37578554e+00 -1.77500874e-01 -2.24013673e-02 -2.61965379e-04]\n",
      " [ 0.00000000e+00 -5.83193892e+00 -3.86812636e-01  3.89059697e-03]\n",
      " [ 0.00000000e+00  0.00000000e+00 -4.17333494e+00 -1.05895739e-01]\n",
      " [ 0.00000000e+00  0.00000000e+00  0.00000000e+00  2.56958126e+00]]\n",
      "\n",
      "Ітерація 10\n",
      "Похибка - 0.11957912769488145\n",
      "Норма Фробініуса - 12.088391125373128\n",
      "Матриця Q\n",
      "[[-9.99973093e-01  7.32215630e-03  4.47516077e-04  3.12208148e-06]\n",
      " [-7.30704198e-03 -9.99593216e-01  2.75616571e-02 -6.03918284e-04]\n",
      " [-6.49126838e-04 -2.75622138e-02 -9.99572703e-01  9.71157913e-03]\n",
      " [ 5.01342521e-06 -3.36038768e-04  9.72453336e-03  9.99952659e-01]]\n",
      "Матриця R\n",
      "[[-9.37749236e+00 -1.11313167e-01 -9.97240482e-03  7.17826581e-05]\n",
      " [ 0.00000000e+00 -5.84369405e+00 -2.75985810e-01 -1.71213540e-03]\n",
      " [ 0.00000000e+00  0.00000000e+00 -4.16553368e+00  6.54368770e-02]\n",
      " [ 0.00000000e+00  0.00000000e+00  0.00000000e+00  2.56874735e+00]]\n",
      "\n",
      "Ітерація 11\n",
      "Похибка - 0.07755633999635893\n",
      "Норма Фробініуса - 12.088391125373128\n",
      "Матриця Q\n",
      "[[-9.99989506e-01  4.57702456e-03  1.98605807e-04 -8.55116117e-07]\n",
      " [-4.57224730e-03 -9.99797034e-01  1.96192430e-02  2.65451348e-04]\n",
      " [-2.88360218e-04 -1.96193699e-02 -9.99789442e-01 -6.00565412e-03]\n",
      " [-1.37321447e-06  1.47576902e-04 -6.00970596e-03  9.99981931e-01]]\n",
      "Матриця R\n",
      "[[-9.37815830e+00 -6.96546367e-02 -4.42998338e-03 -1.96618042e-05]\n",
      " [ 0.00000000e+00 -5.84979311e+00 -1.96452688e-01  7.52062972e-04]\n",
      " [ 0.00000000e+00  0.00000000e+00 -4.16141076e+00 -4.04282277e-02]\n",
      " [ 0.00000000e+00  0.00000000e+00  0.00000000e+00  2.56842908e+00]]\n",
      "\n",
      "Ітерація 12\n",
      "Похибка - 0.050739815426046726\n",
      "Норма Фробініуса - 12.088391125373128\n",
      "Матриця Q\n",
      "[[-9.99995908e-01  2.85948855e-03  8.80850003e-05  2.34182572e-07]\n",
      " [-2.85798189e-03 -9.99898640e-01  1.39473000e-02 -1.16547204e-04]\n",
      " [-1.27957703e-04 -1.39473278e-02 -9.99895833e-01  3.71202533e-03]\n",
      " [ 3.76076645e-07 -6.47636730e-05  3.71328976e-03  9.99993104e-01]]\n",
      "Матриця R\n",
      "[[-9.37841801e+00 -4.35399105e-02 -1.96576601e-03  5.38469810e-06]\n",
      " [ 0.00000000e+00 -5.85292901e+00 -1.39657313e-01 -3.30066340e-04]\n",
      " [ 0.00000000e+00  0.00000000e+00 -4.15926267e+00  2.49763310e-02]\n",
      " [ 0.00000000e+00  0.00000000e+00  0.00000000e+00  2.56830761e+00]]\n",
      "\n",
      "Ітерація 13\n",
      "Похибка - 0.03350162685975305\n",
      "Норма Фробініуса - 12.088391125373128\n",
      "Матриця Q\n",
      "[[-9.99998404e-01  1.78598412e-03  3.90550542e-05 -6.41304350e-08]\n",
      " [-1.78550949e-03 -9.99949318e-01  9.90812032e-03  5.11413107e-05]\n",
      " [-5.67487335e-05 -9.90812603e-03 -9.99948281e-01 -2.29381833e-03]\n",
      " [-1.02988593e-07  2.84114669e-05 -2.29421245e-03  9.99997368e-01]]\n",
      "Матриця R\n",
      "[[-9.37851929e+00 -2.72015794e-02 -8.71808378e-04 -1.47459964e-06]\n",
      " [ 0.00000000e+00 -5.85453177e+00 -9.92119456e-02  1.44802699e-04]\n",
      " [ 0.00000000e+00  0.00000000e+00 -4.15815416e+00 -1.54302278e-02]\n",
      " [ 0.00000000e+00  0.00000000e+00  0.00000000e+00  2.56826126e+00]]\n",
      "\n",
      "Ітерація 14\n",
      "Похибка - 0.022327499738883254\n",
      "Норма Фробініуса - 12.088391125373125\n",
      "Матриця Q\n",
      "[[-9.99999378e-01  1.11534766e-03  1.73135383e-05  1.75616824e-08]\n",
      " [-1.11519823e-03 -9.99974624e-01  7.03607122e-03 -2.24345558e-05]\n",
      " [-2.51607498e-05 -7.03607227e-03 -9.99974242e-01  1.41728991e-03]\n",
      " [ 2.82027996e-08 -1.24618644e-05  1.41741268e-03  9.99998995e-01]]\n",
      "Матриця R\n",
      "[[-9.37855878e+00 -1.69897111e-02 -3.86534485e-04  4.03810138e-07]\n",
      " [ 0.00000000e+00 -5.85534770e+00 -7.04535040e-02 -6.35142509e-05]\n",
      " [ 0.00000000e+00  0.00000000e+00 -4.15758587e+00  9.53277506e-03]\n",
      " [ 0.00000000e+00  0.00000000e+00  0.00000000e+00  2.56824356e+00]]\n",
      "\n",
      "Ітерація 15\n",
      "Похибка - 0.015017273229324694\n",
      "Норма Фробініуса - 12.088391125373125\n",
      "Матриця Q\n",
      "[[-9.99999757e-01  6.96490430e-04  7.67469781e-06 -4.80911409e-09]\n",
      " [-6.96443399e-04 -9.99987280e-01  4.99556453e-03  9.84012166e-06]\n",
      " [-1.11539606e-05 -4.99556468e-03 -9.99987139e-01 -8.75659458e-04]\n",
      " [-7.72309919e-09  5.46558847e-06 -8.75697689e-04  9.99999617e-01]]\n",
      "Матриця R\n",
      "[[-9.37857417e+00 -1.06101308e-02 -1.71353783e-04 -1.10580007e-07]\n",
      " [ 0.00000000e+00 -5.85576193e+00 -5.00215126e-02  2.78565354e-05]\n",
      " [ 0.00000000e+00  0.00000000e+00 -4.15729587e+00 -5.88937675e-03]\n",
      " [ 0.00000000e+00  0.00000000e+00  0.00000000e+00  2.56823681e+00]]\n",
      "\n",
      "Ітерація 16\n",
      "Похибка - 0.010188228050660995\n",
      "Норма Фробініуса - 12.088391125373128\n",
      "Матриця Q\n",
      "[[-9.99999905e-01  4.34916950e-04  3.40188971e-06  1.31693061e-09]\n",
      " [-4.34902150e-04 -9.99993617e-01  3.54646095e-03 -4.31570675e-06]\n",
      " [-4.94428356e-06 -3.54646096e-03 -9.99993565e-01  5.41004188e-04]\n",
      " [ 2.11489877e-09 -2.39702989e-06  5.41016091e-04  9.99999854e-01]]\n",
      "Матриця R\n",
      "[[-9.37858018e+00 -6.62562671e-03 -7.59570223e-05  3.02813053e-08]\n",
      " [ 0.00000000e+00 -5.85597183e+00 -3.55113662e-02 -1.22169953e-05]\n",
      " [ 0.00000000e+00  0.00000000e+00 -4.15714837e+00  3.63849126e-03]\n",
      " [ 0.00000000e+00  0.00000000e+00  0.00000000e+00  2.56823423e+00]]\n",
      "\n",
      "Ітерація 17\n",
      "Похибка - 0.0069667988788575915\n",
      "Норма Фробініуса - 12.088391125373128\n",
      "Матриця Q\n",
      "[[-9.99999963e-01  2.71575581e-04  1.50789441e-06 -3.60628679e-10]\n",
      " [-2.71570924e-04 -9.99996794e-01  2.51758029e-03  1.89272494e-06]\n",
      " [-2.19160283e-06 -2.51758028e-03 -9.99996775e-01 -3.34241657e-04]\n",
      " [-5.79144599e-10  1.05123883e-06 -3.34245362e-04  9.99999944e-01]]\n",
      "Матриця R\n",
      "[[-9.37858252e+00 -4.13731826e-03 -3.36687043e-05 -8.29224359e-09]\n",
      " [ 0.00000000e+00 -5.85607804e+00 -2.52089937e-02  5.35787597e-06]\n",
      " [ 0.00000000e+00  0.00000000e+00 -4.15707353e+00 -2.24788732e-03]\n",
      " [ 0.00000000e+00  0.00000000e+00  0.00000000e+00  2.56823325e+00]]\n",
      "\n",
      "Ітерація 18\n",
      "Похибка - 0.004797296202389593\n",
      "Норма Фробініуса - 12.088391125373125\n",
      "Матриця Q\n",
      "[[-9.99999986e-01  1.69578863e-04  6.68370860e-07  9.87546282e-11]\n",
      " [-1.69577397e-04 -9.99998389e-01  1.78714585e-03 -8.30070705e-07]\n",
      " [-9.71431931e-07 -1.78714584e-03 -9.99998382e-01  2.06498954e-04]\n",
      " [ 1.58593078e-10 -4.61025648e-07  2.06500108e-04  9.99999979e-01]]\n",
      "Матриця R\n",
      "[[-9.37858343e+00 -2.58347197e-03 -1.49237141e-05  2.27075035e-09]\n",
      " [ 0.00000000e+00 -5.85613173e+00 -1.78950192e-02 -2.34972192e-06]\n",
      " [ 0.00000000e+00  0.00000000e+00 -4.15703562e+00  1.38876390e-03]\n",
      " [ 0.00000000e+00  0.00000000e+00  0.00000000e+00  2.56823287e+00]]\n",
      "\n",
      "Ітерація 19\n",
      "Похибка - 0.003323244184237854\n",
      "Норма Фробініуса - 12.088391125373125\n",
      "Матриця Q\n",
      "[[-9.99999994e-01  1.05889045e-04  2.96252495e-07 -2.70429826e-11]\n",
      " [-1.05888584e-04 -9.99999190e-01  1.26861784e-03  3.64031228e-07]\n",
      " [-4.30584985e-07 -1.26861784e-03 -9.99999187e-01 -1.27577422e-04]\n",
      " [-4.34291537e-11  2.02183944e-07 -1.27577781e-04  9.99999992e-01]]\n",
      "Матриця R\n",
      "[[-9.37858379e+00 -1.61318804e-03 -6.61490217e-06 -6.21823265e-10]\n",
      " [ 0.00000000e+00 -5.85615885e+00 -1.27029031e-02  1.03047650e-06]\n",
      " [ 0.00000000e+00  0.00000000e+00 -4.15701644e+00 -8.57990881e-04]\n",
      " [ 0.00000000e+00  0.00000000e+00  0.00000000e+00  2.56823273e+00]]\n",
      "\n",
      "Ітерація 20\n",
      "Похибка - 0.002313720415956967\n",
      "Норма Фробініуса - 12.088391125373123\n",
      "Матриця Q\n",
      "[[-9.99999998e-01  6.61194916e-05  1.31312324e-07  7.40545408e-12]\n",
      " [-6.61193465e-05 -9.99999592e-01  9.00530989e-04 -1.59646781e-07]\n",
      " [-1.90854921e-07 -9.00530988e-04 -9.99999591e-01  7.88186760e-05]\n",
      " [ 1.18926455e-11 -8.86680561e-08  7.88187878e-05  9.99999997e-01]]\n",
      "Матриця R\n",
      "[[-9.37858392e+00 -1.00731299e-03 -2.93202661e-06  1.70280799e-10]\n",
      " [ 0.00000000e+00 -5.85617254e+00 -9.01718191e-03 -4.51916951e-07]\n",
      " [ 0.00000000e+00  0.00000000e+00 -4.15700675e+00  5.30074756e-04]\n",
      " [ 0.00000000e+00  0.00000000e+00  0.00000000e+00  2.56823268e+00]]\n",
      "\n",
      "Ітерація 21\n",
      "Похибка - 0.0016175352849084677\n",
      "Норма Фробініуса - 12.088391125373123\n",
      "Матриця Q\n",
      "[[-9.99999999e-01  4.12864513e-05  5.82034113e-08 -2.02791052e-12]\n",
      " [-4.12864056e-05 -9.99999795e-01  6.39241562e-04  7.00133192e-08]\n",
      " [-8.45954149e-08 -6.39241562e-04 -9.99999794e-01 -4.86949724e-05]\n",
      " [-3.25668362e-12  3.88854548e-08 -4.86950072e-05  9.99999999e-01]]\n",
      "Матриця R\n",
      "[[-9.37858398e+00 -6.28988890e-04 -1.29960498e-06 -4.66303454e-11]\n",
      " [ 0.00000000e+00 -5.85617945e+00 -6.40084297e-03  1.98188583e-07]\n",
      " [ 0.00000000e+00  0.00000000e+00 -4.15700185e+00 -3.27485198e-04]\n",
      " [ 0.00000000e+00  0.00000000e+00  0.00000000e+00  2.56823265e+00]]\n",
      "\n",
      "Ітерація 22\n",
      "Похибка - 0.0011346112159085393\n",
      "Норма Фробініуса - 12.088391125373121\n",
      "Матриця Q\n",
      "[[-1.00000000e+00  2.57801472e-05  2.57983024e-08  5.55323278e-13]\n",
      " [-2.57801328e-05 -9.99999897e-01  4.53764570e-04 -3.07044028e-08]\n",
      " [-3.74964171e-08 -4.53764570e-04 -9.99999897e-01  3.00842335e-05]\n",
      " [ 8.91810663e-13 -1.70532404e-08  3.00842443e-05  1.00000000e+00]]\n",
      "Матриця R\n",
      "[[-9.37858400e+00 -3.92754400e-04 -5.76042220e-07  1.27698888e-11]\n",
      " [ 0.00000000e+00 -5.85618293e+00 -4.54362784e-03 -8.69157258e-08]\n",
      " [ 0.00000000e+00  0.00000000e+00 -4.15699938e+00  2.02323479e-04]\n",
      " [ 0.00000000e+00  0.00000000e+00  0.00000000e+00  2.56823265e+00]]\n",
      "\n",
      "Ітерація 23\n",
      "Похибка - 0.0007979894659822203\n",
      "Норма Фробініуса - 12.088391125373121\n",
      "Матриця Q\n",
      "[[-1.00000000e+00  1.60976739e-05  1.14349346e-08 -1.52069798e-13]\n",
      " [-1.60976693e-05 -9.99999948e-01  3.22103747e-04  1.34654348e-08]\n",
      " [-1.66200551e-08 -3.22103747e-04 -9.99999948e-01 -1.85863322e-05]\n",
      " [-2.44213546e-13  7.47870688e-09 -1.85863356e-05  1.00000000e+00]]\n",
      "Матриця R\n",
      "[[-9.37858401e+00 -2.45244296e-04 -2.55327154e-07 -3.49753694e-12]\n",
      " [ 0.00000000e+00 -5.85618469e+00 -3.22528388e-03  3.81169331e-08]\n",
      " [ 0.00000000e+00  0.00000000e+00 -4.15699814e+00 -1.24997382e-04]\n",
      " [ 0.00000000e+00  0.00000000e+00  0.00000000e+00  2.56823264e+00]]\n",
      "\n",
      "Ітерація 24\n",
      "Похибка - 0.0005624189630424388\n",
      "Норма Фробініуса - 12.08839112537312\n",
      "Матриця Q\n",
      "[[-1.00000000e+00  1.00517297e-05  5.06846180e-09  4.16428128e-14]\n",
      " [-1.00517283e-05 -9.99999974e-01  2.28644509e-04 -5.90527299e-09]\n",
      " [-7.36673448e-09 -2.28644509e-04 -9.99999974e-01  1.14828159e-05]\n",
      " [ 6.68754687e-14 -3.27979004e-09  1.14828169e-05  1.00000000e+00]]\n",
      "Матриця R\n",
      "[[-9.37858401e+00 -1.53135773e-04 -1.13172149e-07  9.58394927e-13]\n",
      " [ 0.00000000e+00 -5.85618557e+00 -2.28945939e-03 -1.67161961e-08]\n",
      " [ 0.00000000e+00  0.00000000e+00 -4.15699751e+00  7.72245822e-05]\n",
      " [ 0.00000000e+00  0.00000000e+00  0.00000000e+00  2.56823264e+00]]\n",
      "\n",
      "Ітерація 25\n",
      "Похибка - 0.00039704232930958086\n",
      "Норма Фробініуса - 12.088391125373118\n",
      "Матриця Q\n",
      "[[-1.00000000e+00  6.27651331e-06  2.24656318e-09 -1.14034732e-14]\n",
      " [-6.27651286e-06 -9.99999987e-01  1.62302674e-04  2.58975995e-09]\n",
      " [-3.26525804e-09 -1.62302674e-04 -9.99999987e-01 -7.09419441e-06]\n",
      " [-1.83131869e-14  1.43835319e-09 -7.09419473e-06  1.00000000e+00]]\n",
      "Матриця R\n",
      "[[-9.37858401e+00 -9.56212326e-05 -5.01628333e-08 -2.63075954e-13]\n",
      " [ 0.00000000e+00 -5.85618602e+00 -1.62516644e-03  7.33089334e-09]\n",
      " [ 0.00000000e+00  0.00000000e+00 -4.15699719e+00 -4.77100887e-05]\n",
      " [ 0.00000000e+00  0.00000000e+00  0.00000000e+00  2.56823264e+00]]\n",
      "\n",
      "Ітерація 26\n",
      "Похибка - 0.00028065230682542563\n",
      "Норма Фробініуса - 12.088391125373121\n",
      "Матриця Q\n",
      "[[-1.00000000e+00  3.91918795e-06  9.95774676e-10  3.12272855e-15]\n",
      " [-3.91918781e-06 -9.99999993e-01  1.15210093e-04 -1.13574023e-09]\n",
      " [-1.44730468e-09 -1.15210093e-04 -9.99999993e-01  4.38286163e-06]\n",
      " [ 5.01488543e-15 -6.30790324e-10  4.38286173e-06  1.00000000e+00]]\n",
      "Матриця R\n",
      "[[-9.37858401e+00 -5.97079268e-05 -2.22343545e-08  7.26697187e-14]\n",
      " [ 0.00000000e+00 -5.85618625e+00 -1.15361978e-03 -3.21496506e-09]\n",
      " [ 0.00000000e+00  0.00000000e+00 -4.15699703e+00  2.94757513e-05]\n",
      " [ 0.00000000e+00  0.00000000e+00  0.00000000e+00  2.56823264e+00]]\n",
      "\n",
      "Ітерація 27\n",
      "Похибка - 0.00019857725741455397\n",
      "Норма Фробініуса - 12.08839112537312\n",
      "Матриця Q\n",
      "[[-1.00000000e+00  2.44722400e-06  4.41370711e-10 -8.55128383e-16]\n",
      " [-2.44722395e-06 -9.99999997e-01  8.17815529e-05  4.98079296e-10]\n",
      " [-6.41508488e-10 -8.17815529e-05 -9.99999997e-01 -2.70777409e-06]\n",
      " [-1.37327687e-15  2.76633324e-10 -2.70777413e-06  1.00000000e+00]]\n",
      "Матриця R\n",
      "[[-9.37858401e+00 -3.72828952e-05 -9.85523503e-09 -2.05288511e-14]\n",
      " [ 0.00000000e+00 -5.85618636e+00 -8.18893683e-04  1.40992316e-09]\n",
      " [ 0.00000000e+00  0.00000000e+00 -4.15699695e+00 -1.82104026e-05]\n",
      " [ 0.00000000e+00  0.00000000e+00  0.00000000e+00  2.56823264e+00]]\n",
      "\n",
      "Ітерація 28\n",
      "Похибка - 0.00014061150460329802\n",
      "Норма Фробініуса - 12.088391125373121\n",
      "Матриця Q\n",
      "[[-1.00000000e+00  1.52809850e-06  1.95634723e-10  2.34168466e-16]\n",
      " [-1.52809849e-06 -9.99999998e-01  5.80523983e-05 -2.18432855e-10]\n",
      " [-2.84344505e-10 -5.80523983e-05 -9.99999998e-01  1.67288888e-06]\n",
      " [ 3.76058312e-16 -1.21317643e-10  1.67288889e-06  1.00000000e+00]]\n",
      "Матриця R\n",
      "[[-9.37858401e+00 -2.32802298e-05 -4.36826989e-09  6.25058954e-15]\n",
      " [ 0.00000000e+00 -5.85618642e+00 -5.81289307e-04 -6.18321377e-10]\n",
      " [ 0.00000000e+00  0.00000000e+00 -4.15699691e+00  1.12505618e-05]\n",
      " [ 0.00000000e+00  0.00000000e+00  0.00000000e+00  2.56823264e+00]]\n",
      "\n",
      "Ітерація 29\n",
      "Похибка - 9.962444761737605e-05\n",
      "Норма Фробініуса - 12.088391125373118\n",
      "Матриця Q\n",
      "[[-1.00000000e+00  9.54177071e-07  8.67138294e-11 -6.41247225e-17]\n",
      " [-9.54177066e-07 -9.99999999e-01  4.12083260e-05  9.57938065e-11]\n",
      " [-1.26033869e-10 -4.12083260e-05 -9.99999999e-01 -1.03352684e-06]\n",
      " [-1.02979856e-16  5.32038953e-11 -1.03352685e-06  1.00000000e+00]]\n",
      "Матриця R\n",
      "[[-9.37858401e+00 -1.45366686e-05 -1.93620792e-09 -2.34062870e-15]\n",
      " [ 0.00000000e+00 -5.85618645e+00 -4.12626524e-04  2.71164132e-10]\n",
      " [ 0.00000000e+00  0.00000000e+00 -4.15699689e+00 -6.95070526e-06]\n",
      " [ 0.00000000e+00  0.00000000e+00  0.00000000e+00  2.56823264e+00]]\n",
      "\n",
      "Ітерація 30\n",
      "Похибка - 7.061636459654758e-05\n",
      "Норма Фробініуса - 12.088391125373118\n",
      "Матриця Q\n",
      "[[-1.00000000e+00  5.95808371e-07  3.84353457e-11  1.75599222e-17]\n",
      " [-5.95808370e-07 -1.00000000e+00  2.92516101e-05 -4.20104078e-11]\n",
      " [-5.58636998e-11 -2.92516101e-05 -1.00000000e+00  6.38522824e-07]\n",
      " [ 2.82000169e-17 -2.33325871e-11  6.38522825e-07  1.00000000e+00]]\n",
      "Матриця R\n",
      "[[-9.37858401e+00 -9.07700377e-06 -8.58212120e-10  1.26992462e-15]\n",
      " [ 0.00000000e+00 -5.85618646e+00 -2.92901735e-04 -1.18918198e-10]\n",
      " [ 0.00000000e+00  0.00000000e+00 -4.15699688e+00  4.29421255e-06]\n",
      " [ 0.00000000e+00  0.00000000e+00  0.00000000e+00  2.56823264e+00]]\n",
      "\n",
      "Ітерація 31\n",
      "Похибка - 5.007182337525264e-05\n",
      "Норма Фробініуса - 12.088391125373116\n",
      "Матриця Q\n",
      "[[-1.00000000e+00  3.72035365e-07  1.70362191e-11 -4.80861133e-18]\n",
      " [-3.72035365e-07 -1.00000000e+00  2.07641701e-05  1.84236792e-11]\n",
      " [-2.47612247e-11 -2.07641701e-05 -1.00000000e+00 -3.94485541e-07]\n",
      " [-7.72229623e-18  1.02325143e-11 -3.94485541e-07  1.00000000e+00]]\n",
      "Матриця R\n",
      "[[-9.37858401e+00 -5.66787340e-06 -3.80397433e-10 -9.76722938e-16]\n",
      " [ 0.00000000e+00 -5.85618647e+00 -2.07915442e-04  5.21506903e-11]\n",
      " [ 0.00000000e+00  0.00000000e+00 -4.15699688e+00 -2.65300581e-06]\n",
      " [ 0.00000000e+00  0.00000000e+00  0.00000000e+00  2.56823264e+00]]\n",
      "\n",
      "Ітерація 32\n",
      "Похибка - 3.5513620811960165e-05\n",
      "Норма Фробініуса - 12.088391125373116\n",
      "Матриця Q\n",
      "[[-1.00000000e+00  2.32306761e-07  7.55119422e-12  1.31679074e-18]\n",
      " [-2.32306761e-07 -1.00000000e+00  1.47393856e-05 -8.07971101e-12]\n",
      " [-1.09752531e-11 -1.47393856e-05 -1.00000000e+00  2.43716961e-07]\n",
      " [ 2.11467458e-18 -4.48747276e-12  2.43716961e-07  1.00000000e+00]]\n",
      "Матриця R\n",
      "[[-9.37858401e+00 -3.53914019e-06 -1.68609154e-10  8.96432592e-16]\n",
      " [ 0.00000000e+00 -5.85618647e+00 -1.47588170e-04 -2.28697761e-11]\n",
      " [ 0.00000000e+00  0.00000000e+00 -4.15699687e+00  1.63905250e-06]\n",
      " [ 0.00000000e+00  0.00000000e+00  0.00000000e+00  2.56823264e+00]]\n",
      "\n",
      "Ітерація 33\n",
      "Похибка - 2.519318556499313e-05\n",
      "Норма Фробініуса - 12.088391125373114\n",
      "Матриця Q\n",
      "[[-1.00000000e+00  1.45057261e-07  3.34701813e-12 -3.60590144e-19]\n",
      " [-1.45057261e-07 -1.00000000e+00  1.04627098e-05  3.54336011e-12]\n",
      " [-4.86471016e-12 -1.04627098e-05 -1.00000000e+00 -1.50570682e-07]\n",
      " [-5.79082758e-19  1.96798276e-12 -1.50570682e-07  1.00000000e+00]]\n",
      "Матриця R\n",
      "[[-9.37858401e+00 -2.20991408e-06 -7.47353651e-11 -8.74445899e-16]\n",
      " [ 0.00000000e+00 -5.85618647e+00 -1.04765032e-04  1.00286209e-11]\n",
      " [ 0.00000000e+00  0.00000000e+00 -4.15699687e+00 -1.01262240e-06]\n",
      " [ 0.00000000e+00  0.00000000e+00  0.00000000e+00  2.56823264e+00]]\n",
      "\n",
      "Ітерація 34\n",
      "Похибка - 1.787463672520032e-05\n",
      "Норма Фробініуса - 12.088391125373112\n",
      "Матриця Q\n",
      "[[-1.00000000e+00  9.05768260e-08  1.48354420e-12  9.87440509e-20]\n",
      " [-9.05768260e-08 -1.00000000e+00  7.42692401e-06 -1.55394183e-12]\n",
      " [-2.15625140e-12 -7.42692401e-06 -1.00000000e+00  9.30240154e-08]\n",
      " [ 1.58576096e-19 -8.63059533e-13  9.30240154e-08  1.00000000e+00]]\n",
      "Матриця R\n",
      "[[-9.37858401e+00 -1.37991716e-06 -3.31264138e-11  8.68425077e-16]\n",
      " [ 0.00000000e+00 -5.85618647e+00 -7.43671518e-05 -4.39712769e-12]\n",
      " [ 0.00000000e+00  0.00000000e+00 -4.15699687e+00  6.25607854e-07]\n",
      " [ 0.00000000e+00  0.00000000e+00  0.00000000e+00  2.56823264e+00]]\n",
      "\n",
      "Ітерація 35\n",
      "Похибка - 1.2683574184359266e-05\n",
      "Норма Фробініуса - 12.08839112537311\n",
      "Матриця Q\n",
      "[[-1.00000000e+00  5.65580884e-08  6.57571397e-13 -2.70400835e-20]\n",
      " [-5.65580884e-08 -1.00000000e+00  5.27198033e-06  6.81481735e-13]\n",
      " [-9.55744526e-13 -5.27198033e-06 -1.00000000e+00 -5.74711313e-08]\n",
      " [-4.34244984e-20  3.78495062e-13 -5.74711313e-08  1.00000000e+00]]\n",
      "Матриця R\n",
      "[[-9.37858401e+00 -8.61649495e-07 -1.46835145e-11 -8.66776346e-16]\n",
      " [ 0.00000000e+00 -5.85618647e+00 -5.27893056e-05  1.92743438e-12]\n",
      " [ 0.00000000e+00  0.00000000e+00 -4.15699687e+00 -3.86506549e-07]\n",
      " [ 0.00000000e+00  0.00000000e+00  0.00000000e+00  2.56823264e+00]]\n",
      "\n",
      "Ітерація 36\n",
      "Похибка - 9.000867811669737e-06\n",
      "Норма Фробініуса - 12.088391125373112\n",
      "Матриця Q\n",
      "[[-1.00000000e+00  3.53160682e-08  2.91464280e-13  7.40465991e-21]\n",
      " [-3.53160682e-08 -1.00000000e+00  3.74229984e-06 -2.98864055e-13]\n",
      " [-4.23627597e-13 -3.74229984e-06 -1.00000000e+00  3.55062176e-08]\n",
      " [ 1.18913702e-20 -1.65989143e-13  3.55062176e-08  1.00000000e+00]]\n",
      "Матриця R\n",
      "[[-9.37858401e+00 -5.38032192e-07 -6.50881830e-12  8.66324864e-16]\n",
      " [ 0.00000000e+00 -5.85618647e+00 -3.74723344e-05 -8.44349508e-13]\n",
      " [ 0.00000000e+00  0.00000000e+00 -4.15699687e+00  2.38787463e-07]\n",
      " [ 0.00000000e+00  0.00000000e+00  0.00000000e+00  2.56823264e+00]]\n",
      "\n"
     ]
    }
   ],
   "source": [
    "def qr_method(A):\n",
    "    X = np.copy(A)\n",
    "    W = np.eye(X.shape[0])\n",
    "    n = 1\n",
    "    while True:\n",
    "        q, r = np.linalg.qr(X)\n",
    "        Y = np.dot(r, q)\n",
    "        W = np.dot(W, q)\n",
    "        disc = np.dot(A, W) - np.dot(X, W.T).T\n",
    "        print('Ітерація %s' % n)\n",
    "        print('Похибка - %s' % np.linalg.norm(disc))\n",
    "        print('Норма Фробініуса - %s' % np.linalg.norm(Y))\n",
    "        print('Матриця Q\\n%s' % q)\n",
    "        print('Матриця R\\n%s\\n' % r)\n",
    "        \n",
    "        if np.linalg.norm(disc) < EPS:\n",
    "            return np.array([X[i][i] for i in range(X.shape[0])]), W, disc, n\n",
    "        n += 1\n",
    "        X = Y\n",
    "            \n",
    "v2, w2, discrepancy2, n2 = qr_method(A)"
   ]
  },
  {
   "cell_type": "code",
   "execution_count": 32,
   "metadata": {},
   "outputs": [
    {
     "name": "stdout",
     "output_type": "stream",
     "text": [
      "Власні числа\n",
      " [9.37858401 5.85618647 4.15699687 2.56823264]\n",
      "\n",
      "Власні вектори\n",
      " [[ 0.58161145 -0.78738601  0.07758798 -0.18902775]\n",
      " [ 0.25157162 -0.0586897  -0.55502642  0.79070406]\n",
      " [ 0.59332435  0.50481386 -0.43193171 -0.45449332]\n",
      " [ 0.49639304  0.3489151   0.70665463  0.36399372]]\n",
      "\n",
      "Вектори нев'язки\n",
      " [[ 9.79485009e-08 -5.65833430e-07  4.96174118e-06  1.85281402e-08]\n",
      " [ 7.30207805e-09  3.49804060e-06  5.62088065e-07 -1.32533277e-07]\n",
      " [-6.27964596e-08  2.67286414e-06 -3.31851730e-06 -1.03140580e-07]\n",
      " [-4.34056115e-08 -4.55523139e-06 -2.13189128e-06  1.68739776e-07]]\n",
      "\n",
      "Кількість ітерацій\n",
      " 36\n"
     ]
    }
   ],
   "source": [
    "print('Власні числа\\n %s\\n' % v2)\n",
    "print('Власні вектори\\n %s\\n' % w2)\n",
    "print('Вектори нев\\'язки\\n %s\\n' % discrepancy2)\n",
    "print('Кількість ітерацій\\n %s' % n2)"
   ]
  },
  {
   "cell_type": "markdown",
   "metadata": {},
   "source": [
    "### Перевірка результатів за допомогою сторонніх програмних пакетів"
   ]
  },
  {
   "cell_type": "code",
   "execution_count": 33,
   "metadata": {},
   "outputs": [
    {
     "name": "stdout",
     "output_type": "stream",
     "text": [
      "Власні числа\n",
      " [9.37858401 5.85618648 2.56823264 4.15699687]\n",
      "\n",
      "Власні вектори\n",
      " [[ 0.58161141  0.78738534 -0.18902775  0.07759518]\n",
      " [ 0.25157162  0.0586948   0.79070409 -0.55502584]\n",
      " [ 0.59332438 -0.50480987 -0.45449329 -0.43193636]\n",
      " [ 0.49639306 -0.34892154  0.36399368  0.70665146]]\n"
     ]
    }
   ],
   "source": [
    "v, w = np.linalg.eig(A)\n",
    "print('Власні числа\\n %s\\n' % v)\n",
    "print('Власні вектори\\n %s' % w)"
   ]
  },
  {
   "cell_type": "markdown",
   "metadata": {},
   "source": [
    "### Висновок\n",
    "В даній лабораторній роботі був реалізований QR метод пошуку власних значень та власних векторів. Були отримані результати з будь-якою наданою точністю, що свідчить про гарну реалізацію методу. Також було застосовано степеневий метод, який підтвердив правильність QR методу"
   ]
  }
 ],
 "metadata": {
  "kernelspec": {
   "display_name": "Python 3",
   "language": "python",
   "name": "python3"
  },
  "language_info": {
   "codemirror_mode": {
    "name": "ipython",
    "version": 3
   },
   "file_extension": ".py",
   "mimetype": "text/x-python",
   "name": "python",
   "nbconvert_exporter": "python",
   "pygments_lexer": "ipython3",
   "version": "3.7.0"
  }
 },
 "nbformat": 4,
 "nbformat_minor": 2
}
